for run in {1..15}; do ./a.out 50000 1000 ; done
293869
293464
297174
305557
296451
294213
295198
297346
295002
294583
298839
294562
295384
294807
301826
for run in {1..15}; do ./a.out 50000 2000 ; done
590609
589382
603158
590764
589297
586628
590852
590101
592674
590042
589504
589897
590834
588485
590436
for run in {1..15}; do ./a.out 50000 3000 ; done
887139
882134
883795
900231
883654
895899
900219
882881
885308
899164
884350
884531
890152
893551
882590
for run in {1..15}; do ./a.out 50000 4000 ; done
1.2137e+06
1.20711e+06
1.21425e+06
1.21145e+06
1.21499e+06
1.21151e+06
1.20849e+06
1.20949e+06
1.21401e+06
1.21095e+06
1.20925e+06
1.20978e+06
1.21418e+06
1.20825e+06
1.20506e+06

